Frequency (Hz)	Level (dB)
86.132813	-9.451936
172.265625	-6.247165
258.398438	-10.746285
344.531250	-15.928316
430.664063	-15.155640
516.796875	-12.363937
602.929688	-10.455292
689.062500	-8.937840
775.195313	-6.619469
861.328125	-11.118424
947.460938	-14.658770
1033.593750	-14.913427
1119.726563	-17.212372
1205.859375	-17.619732
1291.992188	-19.420391
1378.125000	-22.073595
1464.257813	-20.279202
1550.390625	-18.723017
1636.523438	-19.719854
1722.656250	-20.026184
1808.789063	-23.625893
1894.921875	-27.193823
1981.054688	-27.061363
2067.187500	-25.082226
2153.320313	-24.770821
2239.453125	-24.484064
2325.585938	-24.348078
2411.718750	-25.723351
2497.851563	-25.966036
2583.984375	-26.959772
2670.117188	-27.534016
2756.250000	-28.243992
2842.382813	-28.022978
2928.515625	-26.912401
3014.648438	-26.678038
3100.781250	-26.139257
3186.914063	-27.189499
3273.046875	-25.470757
3359.179688	-24.441383
3445.312500	-25.328297
3531.445313	-25.492054
3617.578125	-24.780281
3703.710938	-25.016212
3789.843750	-25.326694
3875.976563	-23.673933
3962.109375	-25.227837
4048.242188	-24.847242
4134.375000	-25.114367
4220.507813	-27.038593
4306.640625	-27.641663
4392.773438	-27.777834
4478.906250	-27.998564
4565.039063	-29.592232
4651.171875	-29.994490
4737.304688	-30.128849
4823.437500	-30.391014
4909.570313	-29.755238
4995.703125	-30.129992
5081.835938	-31.315443
5167.968750	-29.887161
5254.101563	-28.599909
5340.234375	-29.897848
5426.367188	-29.965740
5512.500000	-30.077461
5598.632813	-30.552824
5684.765625	-31.269459
5770.898438	-30.987631
5857.031250	-30.162670
5943.164063	-29.513962
6029.296875	-28.299746
6115.429688	-26.868040
6201.562500	-28.187441
6287.695313	-29.164894
6373.828125	-28.310127
6459.960938	-27.084749
6546.093750	-25.685749
6632.226563	-23.675945
6718.359375	-23.844402
6804.492188	-25.310919
6890.625000	-25.502499
6976.757813	-24.400799
7062.890625	-23.253132
7149.023438	-22.863398
7235.156250	-22.789515
7321.289063	-24.310593
7407.421875	-25.429167
7493.554688	-25.496069
7579.687500	-25.287031
7665.820313	-24.832016
7751.953125	-24.956856
7838.085938	-25.500595
7924.218750	-25.265993
8010.351563	-23.945408
8096.484375	-21.812391
8182.617188	-23.098886
8268.750000	-24.512487
8354.882813	-23.709173
8441.015625	-23.591139
8527.148438	-23.507294
8613.281250	-23.520193
8699.414063	-23.284792
8785.546875	-22.955761
8871.679688	-22.692606
8957.812500	-21.636337
9043.945313	-20.575943
9130.078125	-20.280191
9216.210938	-19.505661
9302.343750	-18.799070
9388.476563	-19.467194
9474.609375	-20.821455
9560.742188	-20.775713
9646.875000	-19.069965
9733.007813	-19.427372
9819.140625	-21.091230
9905.273438	-22.124878
9991.406250	-22.943600
10077.539063	-23.099392
10163.671875	-24.295712
10249.804688	-24.752705
10335.937500	-25.629835
10422.070313	-26.045912
10508.203125	-26.669355
10594.335938	-26.935528
10680.468750	-26.988171
10766.601563	-26.674984
10852.734375	-26.867525
10938.867188	-28.105547
11025.000000	-28.460880
11111.132813	-27.953646
11197.265625	-27.959370
11283.398438	-28.458084
11369.531250	-28.825207
11455.664063	-29.930073
11541.796875	-30.840059
11627.929688	-31.305752
11714.062500	-31.543806
11800.195313	-31.654036
11886.328125	-30.960169
11972.460938	-30.788427
12058.593750	-31.024994
12144.726563	-31.051977
12230.859375	-31.292601
12316.992188	-32.431068
12403.125000	-32.223545
12489.257813	-31.623695
12575.390625	-31.897600
12661.523438	-32.389614
12747.656250	-32.308796
12833.789063	-32.582855
12919.921875	-32.906757
13006.054688	-33.062180
13092.187500	-32.367382
13178.320313	-32.975716
13264.453125	-34.617619
13350.585938	-35.521309
13436.718750	-36.204674
13522.851563	-36.952667
13608.984375	-37.333103
13695.117188	-37.176594
13781.250000	-36.574986
13867.382813	-36.307117
13953.515625	-36.467106
14039.648438	-36.664806
14125.781250	-36.501125
14211.914063	-36.068989
14298.046875	-35.483452
14384.179688	-34.388119
14470.312500	-34.304077
14556.445313	-34.368408
14642.578125	-34.418221
14728.710938	-34.968803
14814.843750	-34.876205
14900.976563	-34.815868
14987.109375	-33.924366
15073.242188	-33.666180
15159.375000	-33.963612
15245.507813	-33.993263
15331.640625	-34.169697
15417.773438	-34.237453
15503.906250	-34.932556
15590.039063	-34.844753
15676.171875	-35.002232
15762.304688	-35.915249
15848.437500	-36.973351
15934.570313	-37.751755
16020.703125	-37.730473
16106.835938	-37.507225
16192.968750	-37.658707
16279.101563	-37.924660
16365.234375	-38.045818
16451.367188	-38.509514
16537.500000	-38.990627
16623.632813	-39.975700
16709.765625	-41.028461
16795.898438	-41.730545
16882.031250	-42.365372
16968.164063	-43.015869
17054.296875	-43.685978
17140.429688	-44.561352
17226.562500	-44.849720
17312.695313	-44.948677
17398.828125	-45.304363
17484.960938	-45.550606
17571.093750	-45.639668
17657.226563	-45.767090
17743.359375	-46.500023
17829.492188	-46.887260
17915.625000	-46.761307
18001.757813	-46.744289
18087.890625	-47.037174
18174.023438	-47.034454
18260.156250	-47.106174
18346.289063	-47.248161
18432.421875	-47.056423
18518.554688	-47.443455
18604.687500	-47.795818
18690.820313	-47.790371
18776.953125	-49.742146
18863.085938	-51.599369
18949.218750	-51.853565
19035.351563	-51.922421
19121.484375	-51.932430
19207.617188	-51.978806
19293.750000	-52.089844
19379.882813	-52.151115
19466.015625	-52.151985
19552.148438	-52.143002
19638.281250	-52.377361
19724.414063	-52.574776
19810.546875	-52.638828
19896.679688	-52.710896
19982.812500	-52.831383
20068.945313	-53.022617
20155.078125	-52.953152
20241.210938	-52.859882
20327.343750	-53.092255
20413.476563	-53.278198
20499.609375	-53.262424
20585.742188	-53.342892
20671.875000	-53.334610
20758.007813	-53.512238
20844.140625	-53.601620
20930.273438	-53.638542
21016.406250	-53.747112
21102.539063	-53.679008
21188.671875	-53.672470
21274.804688	-53.714935
21360.937500	-53.686581
21447.070313	-53.753796
21533.203125	-53.808289
21619.335938	-53.866470
21705.468750	-53.960472
21791.601563	-53.935329
21877.734375	-53.888802
21963.867188	-53.958477
